1.000000000000000000e+00
1.100000000000000000e+01
-1.200000000000000000e+01
-3.000000000000000000e+00
-1.900000000000000000e+01
4.000000000000000000e+00
-4.000000000000000000e+00
9.000000000000000000e+00
0.000000000000000000e+00
2.000000000000000000e+00
-3.000000000000000000e+00
1.000000000000000000e+00
-1.000000000000000000e+01
-5.000000000000000000e+00
-1.300000000000000000e+01
7.000000000000000000e+00
-6.000000000000000000e+00
2.300000000000000000e+02
3.180000000000000000e+02
3.340000000000000000e+02
3.740000000000000000e+02
3.880000000000000000e+02
3.250000000000000000e+02
3.100000000000000000e+02
3.280000000000000000e+02
3.100000000000000000e+02
3.290000000000000000e+02
3.200000000000000000e+02
3.200000000000000000e+02
3.230000000000000000e+02
3.120000000000000000e+02
3.430000000000000000e+02
3.180000000000000000e+02
3.510000000000000000e+02
3.450000000000000000e+02
3.510000000000000000e+02
3.530000000000000000e+02
3.580000000000000000e+02
8.010000000000000000e+02
1.834000000000000000e+03
2.053000000000000000e+03
2.477000000000000000e+03
2.969000000000000000e+03
3.177000000000000000e+03
3.445000000000000000e+03
3.760000000000000000e+03
4.223000000000000000e+03
2.205000000000000000e+03
2.620000000000000000e+02
2.020000000000000000e+02
1.210000000000000000e+02
1.180000000000000000e+02
7.800000000000000000e+01
8.400000000000000000e+01
2.200000000000000000e+01
4.900000000000000000e+01
-1.900000000000000000e+01
1.500000000000000000e+01
-3.800000000000000000e+01
-2.700000000000000000e+01
-5.900000000000000000e+01
-5.900000000000000000e+01
-8.400000000000000000e+01
-8.500000000000000000e+01
