-3.000000000000000000e+01
3.000000000000000000e+00
7.000000000000000000e+01
2.700000000000000000e+01
7.000000000000000000e+00
-2.900000000000000000e+01
-7.200000000000000000e+01
6.200000000000000000e+01
2.100000000000000000e+01
-1.300000000000000000e+01
-5.400000000000000000e+01
-8.700000000000000000e+01
4.500000000000000000e+01
-3.200000000000000000e+01
-2.000000000000000000e+00
-2.100000000000000000e+01
5.000000000000000000e+01
9.180000000000000000e+02
1.633000000000000000e+03
1.677000000000000000e+03
1.906000000000000000e+03
1.869000000000000000e+03
1.627000000000000000e+03
1.578000000000000000e+03
1.492000000000000000e+03
1.575000000000000000e+03
1.486000000000000000e+03
1.546000000000000000e+03
1.602000000000000000e+03
1.538000000000000000e+03
1.487000000000000000e+03
1.563000000000000000e+03
1.615000000000000000e+03
1.552000000000000000e+03
1.586000000000000000e+03
1.558000000000000000e+03
1.616000000000000000e+03
1.745000000000000000e+03
4.297000000000000000e+03
9.168000000000000000e+03
1.006900000000000000e+04
1.226600000000000000e+04
1.433600000000000000e+04
1.559200000000000000e+04
1.664800000000000000e+04
1.829700000000000000e+04
2.027300000000000000e+04
1.042500000000000000e+04
4.620000000000000000e+02
1.410000000000000000e+02
-8.000000000000000000e+00
2.000000000000000000e+01
1.100000000000000000e+01
4.500000000000000000e+01
-2.700000000000000000e+01
-4.500000000000000000e+01
-6.700000000000000000e+01
-1.240000000000000000e+02
-6.500000000000000000e+01
-4.800000000000000000e+01
-9.100000000000000000e+01
-5.800000000000000000e+01
-7.700000000000000000e+01
-1.300000000000000000e+01
